MEME version 3.0

ALPHABET= ACGT

strands: + -

Background letter frequencies (from dataset with add-one prior applied):
A 0.250000 C 0.250000 G 0.250000 T 0.250000

MOTIF V_MYOD_01 MyoD
BL   MOTIF V_MYOD_01 width=12 seqs=5
letter-probability matrix: alength= 4 w= 12 nsites= 5 E= 0
  0.200   0.400   0.400   0.000 
  0.400   0.200   0.400   0.000 
  0.600   0.000   0.200   0.200 
  0.000   1.000   0.000   0.000 
  1.000   0.000   0.000   0.000 
  0.000   0.000   0.800   0.200 
  0.000   0.200   0.800   0.000 
  0.000   0.000   0.000   1.000 
  0.000   0.000   1.000   0.000 
  0.000   0.200   0.400   0.400 
  0.000   0.400   0.000   0.600 
  0.200   0.000   0.600   0.200 

MOTIF V_E47_01 E47
BL   MOTIF V_E47_01 width=15 seqs=10
letter-probability matrix: alength= 4 w= 15 nsites= 10 E= 0
  0.364   0.364   0.273   0.000 
  0.182   0.455   0.364   0.000 
  0.273   0.182   0.364   0.182 
  0.182   0.000   0.818   0.000 
  0.000   1.000   0.000   0.000 
  1.000   0.000   0.000   0.000 
  0.000   0.000   1.000   0.000 
  0.091   0.182   0.727   0.000 
  0.000   0.000   0.000   1.000 
  0.000   0.000   1.000   0.000 
  0.000   0.000   0.364   0.636 
  0.091   0.364   0.273   0.273 
  0.091   0.545   0.182   0.182 
  0.091   0.364   0.364   0.182 
  0.100   0.400   0.200   0.300 

MOTIF V_CMYB_01 c-Myb
BL   MOTIF V_CMYB_01 width=18 seqs=13
letter-probability matrix: alength= 4 w= 18 nsites= 13 E= 0
  0.037   0.444   0.222   0.296 
  0.222   0.556   0.185   0.037 
  0.200   0.333   0.300   0.167 
  0.421   0.132   0.368   0.079 
  0.432   0.297   0.216   0.054 
  0.184   0.327   0.163   0.327 
  0.157   0.078   0.667   0.098 
  0.392   0.020   0.490   0.098 
  0.067   0.817   0.033   0.083 
  0.300   0.300   0.333   0.067 
  0.000   0.000   1.000   0.000 
  0.000   0.000   0.000   1.000 
  0.000   0.000   0.000   1.000 
  0.183   0.017   0.783   0.017 
  0.158   0.158   0.553   0.132 
  0.029   0.206   0.441   0.324 
  0.100   0.100   0.600   0.200 
  0.077   0.000   0.846   0.077 

MOTIF V_AP4_01 AP-4
BL   MOTIF V_AP4_01 width=18 seqs=5
letter-probability matrix: alength= 4 w= 18 nsites= 5 E= 0
  0.600   0.000   0.000   0.400 
  0.200   0.200   0.600   0.000 
  0.600   0.200   0.200   0.000 
  0.400   0.200   0.400   0.000 
  0.200   0.400   0.000   0.400 
  0.000   1.000   0.000   0.000 
  1.000   0.000   0.000   0.000 
  0.000   0.000   1.000   0.000 
  0.000   1.000   0.000   0.000 
  0.000   0.000   0.200   0.800 
  0.000   0.200   0.800   0.000 
  0.000   0.400   0.200   0.400 
  0.200   0.000   0.600   0.200 
  0.000   0.000   1.000   0.000 
  0.200   0.200   0.200   0.400 
  0.200   0.800   0.000   0.000 
  0.400   0.200   0.200   0.200 
  0.000   0.000   0.600   0.400 

MOTIF V_MEF2_01 MEF-2A
BL   MOTIF V_MEF2_01 width=16 seqs=5
letter-probability matrix: alength= 4 w= 16 nsites= 5 E= 0
  0.000   0.600   0.200   0.200 
  0.000   0.000   0.200   0.800 
  0.000   0.800   0.000   0.200 
  0.000   0.000   0.000   1.000 
  1.000   0.000   0.000   0.000 
  1.000   0.000   0.000   0.000 
  1.000   0.000   0.000   0.000 
  1.000   0.000   0.000   0.000 
  1.000   0.000   0.000   0.000 
  0.000   0.000   0.000   1.000 
  1.000   0.000   0.000   0.000 
  1.000   0.000   0.000   0.000 
  0.000   1.000   0.000   0.000 
  0.000   0.400   0.000   0.600 
  0.000   0.800   0.000   0.200 
  0.000   0.400   0.000   0.600 

MOTIF V_ELK1_01 Elk-1
BL   MOTIF V_ELK1_01 width=16 seqs=4
letter-probability matrix: alength= 4 w= 16 nsites= 4 E= 0
  0.250   0.250   0.250   0.250 
  0.500   0.000   0.250   0.250 
  0.500   0.250   0.250   0.000 
  0.750   0.000   0.250   0.000 
  0.000   0.750   0.250   0.000 
  0.500   0.500   0.000   0.000 
  0.000   0.000   1.000   0.000 
  0.000   0.000   1.000   0.000 
  1.000   0.000   0.000   0.000 
  0.750   0.000   0.000   0.250 
  0.000   0.000   1.000   0.000 
  0.000   0.250   0.000   0.750 
  0.250   0.250   0.250   0.250 
  0.250   0.750   0.000   0.000 
  0.250   0.250   0.500   0.000 
  0.250   0.250   0.000   0.500 

MOTIF V_SP1_01 Sp1
BL   MOTIF V_SP1_01 width=10 seqs=11
letter-probability matrix: alength= 4 w= 10 nsites= 11 E= 0
  0.182   0.091   0.545   0.182 
  0.273   0.091   0.545   0.091 
  0.000   0.000   1.000   0.000 
  0.000   0.000   1.000   0.000 
  0.000   0.727   0.182   0.091 
  0.273   0.000   0.545   0.182 
  0.000   0.091   0.636   0.273 
  0.091   0.000   0.727   0.182 
  0.091   0.182   0.636   0.091 
  0.273   0.182   0.000   0.545 

MOTIF V_EVI1_06 Evi-1
BL   MOTIF V_EVI1_06 width=9 seqs=16
letter-probability matrix: alength= 4 w= 9 nsites= 16 E= 0
  1.000   0.000   0.000   0.000 
  0.000   1.000   0.000   0.000 
  0.938   0.000   0.000   0.062 
  1.000   0.000   0.000   0.000 
  0.000   0.000   1.000   0.000 
  1.000   0.000   0.000   0.000 
  0.000   0.000   0.000   1.000 
  0.938   0.000   0.000   0.062 
  0.750   0.062   0.188   0.000 

MOTIF V_ATF_01 ATF
BL   MOTIF V_ATF_01 width=14 seqs=25
letter-probability matrix: alength= 4 w= 14 nsites= 25 E= 0
  0.200   0.560   0.080   0.160 
  0.080   0.240   0.320   0.360 
  0.120   0.400   0.400   0.080 
  0.000   0.000   0.000   1.000 
  0.000   0.000   1.000   0.000 
  1.000   0.000   0.000   0.000 
  0.000   1.000   0.000   0.000 
  0.000   0.000   1.000   0.000 
  0.160   0.080   0.040   0.720 
  0.280   0.440   0.120   0.160 
  0.360   0.040   0.280   0.320 
  0.240   0.280   0.280   0.200 
  0.040   0.440   0.160   0.360 
  0.080   0.520   0.200   0.200 

MOTIF V_HOX13_01 HOXA5 (Hox-1.3)
BL   MOTIF V_HOX13_01 width=30 seqs=10
letter-probability matrix: alength= 4 w= 30 nsites= 10 E= 0
  0.100   0.200   0.100   0.600 
  0.000   0.200   0.700   0.100 
  0.100   0.700   0.100   0.100 
  0.300   0.400   0.100   0.200 
  0.400   0.300   0.000   0.300 
  0.400   0.200   0.100   0.300 
  0.100   0.500   0.200   0.200 
  0.300   0.200   0.000   0.500 
  0.100   0.400   0.100   0.400 
  0.100   0.900   0.000   0.000 
  0.100   0.600   0.100   0.200 
  0.100   0.500   0.000   0.400 
  0.200   0.700   0.000   0.100 
  1.000   0.000   0.000   0.000 
  0.000   0.000   0.000   1.000 
  0.000   0.000   0.000   1.000 
  1.000   0.000   0.000   0.000 
  0.000   0.200   0.500   0.300 
  0.000   0.200   0.000   0.800 
  0.200   0.200   0.500   0.100 
  0.200   0.300   0.300   0.200 
  0.300   0.000   0.300   0.400 
  0.200   0.500   0.100   0.200 
  0.300   0.200   0.400   0.100 
  0.400   0.400   0.100   0.100 
  0.200   0.400   0.300   0.100 
  0.300   0.300   0.000   0.400 
  0.100   0.500   0.000   0.400 
  0.100   0.700   0.100   0.100 
  0.400   0.200   0.200   0.200 

MOTIF V_E2F_01 E2F
BL   MOTIF V_E2F_01 width=15 seqs=5
letter-probability matrix: alength= 4 w= 15 nsites= 5 E= 0
  0.200   0.000   0.000   0.800 
  0.400   0.200   0.000   0.400 
  0.200   0.400   0.400   0.000 
  0.000   0.200   0.800   0.000 
  0.000   1.000   0.000   0.000 
  0.000   0.000   1.000   0.000 
  0.000   0.800   0.200   0.000 
  0.000   0.000   1.000   0.000 
  1.000   0.000   0.000   0.000 
  1.000   0.000   0.000   0.000 
  1.000   0.000   0.000   0.000 
  1.000   0.000   0.000   0.000 
  0.200   0.400   0.000   0.400 
  0.000   0.000   0.400   0.600 
  0.400   0.000   0.600   0.000 

MOTIF V_ELK1_02 Elk-1
BL   MOTIF V_ELK1_02 width=14 seqs=31
letter-probability matrix: alength= 4 w= 14 nsites= 31 E= 0
  0.129   0.387   0.161   0.323 
  0.161   0.387   0.258   0.194 
  0.355   0.290   0.194   0.161 
  0.387   0.097   0.355   0.161 
  0.194   0.645   0.097   0.065 
  0.161   0.742   0.065   0.032 
  0.000   0.000   1.000   0.000 
  0.000   0.000   1.000   0.000 
  1.000   0.000   0.000   0.000 
  0.871   0.000   0.000   0.129 
  0.290   0.129   0.548   0.032 
  0.065   0.258   0.161   0.516 
  0.258   0.290   0.226   0.226 
  0.258   0.355   0.194   0.194 

MOTIF V_RSRFC4_01 RSRFC4
BL   MOTIF V_RSRFC4_01 width=16 seqs=38
letter-probability matrix: alength= 4 w= 16 nsites= 38 E= 0
  0.447   0.105   0.316   0.132 
  0.263   0.053   0.342   0.342 
  0.079   0.079   0.316   0.526 
  0.000   0.921   0.000   0.079 
  0.000   0.000   0.000   1.000 
  1.000   0.000   0.000   0.000 
  0.026   0.000   0.000   0.974 
  0.132   0.000   0.000   0.868 
  0.211   0.000   0.000   0.789 
  0.605   0.000   0.000   0.395 
  0.000   0.000   0.000   1.000 
  1.000   0.000   0.000   0.000 
  0.105   0.026   0.868   0.000 
  0.368   0.526   0.000   0.105 
  0.316   0.158   0.053   0.474 
  0.132   0.237   0.132   0.500 

MOTIF V_CETS1P54_01 c-Ets-1(p54)
BL   MOTIF V_CETS1P54_01 width=10 seqs=15
letter-probability matrix: alength= 4 w= 10 nsites= 15 E= 0
  0.467   0.133   0.200   0.200 
  0.067   0.933   0.000   0.000 
  0.333   0.600   0.000   0.067 
  0.000   0.000   1.000   0.000 
  0.000   0.000   1.000   0.000 
  1.000   0.000   0.000   0.000 
  0.533   0.133   0.000   0.333 
  0.267   0.067   0.667   0.000 
  0.067   0.400   0.000   0.533 
  0.333   0.267   0.267   0.133 

MOTIF V_P300_01 p300
BL   MOTIF V_P300_01 width=14 seqs=14
letter-probability matrix: alength= 4 w= 14 nsites= 14 E= 0
  0.300   0.100   0.300   0.300 
  0.250   0.417   0.167   0.167 
  0.385   0.231   0.308   0.077 
  0.267   0.067   0.533   0.133 
  0.125   0.000   0.875   0.000 
  0.125   0.062   0.625   0.188 
  0.812   0.062   0.062   0.062 
  0.000   0.062   0.875   0.062 
  0.062   0.000   0.000   0.938 
  0.188   0.062   0.500   0.250 
  0.312   0.250   0.188   0.250 
  0.188   0.188   0.438   0.188 
  0.267   0.267   0.133   0.333 
  0.071   0.357   0.429   0.143 

MOTIF V_P53_01 p53
BL   MOTIF V_P53_01 width=20 seqs=16
letter-probability matrix: alength= 4 w= 20 nsites= 16 E= 0
  0.235   0.000   0.765   0.000 
  0.294   0.000   0.706   0.000 
  0.882   0.000   0.118   0.000 
  0.000   1.000   0.000   0.000 
  1.000   0.000   0.000   0.000 
  0.000   0.000   0.000   1.000 
  0.000   0.000   1.000   0.000 
  0.000   0.765   0.000   0.235 
  0.000   1.000   0.000   0.000 
  0.000   1.000   0.000   0.000 
  0.000   0.000   1.000   0.000 
  0.000   0.000   1.000   0.000 
  0.118   0.000   0.882   0.000 
  0.000   1.000   0.000   0.000 
  1.000   0.000   0.000   0.000 
  0.000   0.000   0.000   1.000 
  0.000   0.000   1.000   0.000 
  0.000   0.118   0.000   0.882 
  0.000   0.765   0.000   0.235 
  0.000   0.438   0.125   0.438 

MOTIF V_NFE2_01 NF-E2
BL   MOTIF V_NFE2_01 width=11 seqs=9
letter-probability matrix: alength= 4 w= 11 nsites= 9 E= 0
  0.222   0.222   0.000   0.556 
  0.222   0.000   0.778   0.000 
  0.111   0.889   0.000   0.000 
  0.000   0.000   0.000   1.000 
  0.000   0.000   1.000   0.000 
  1.000   0.000   0.000   0.000 
  0.000   0.333   0.667   0.000 
  0.000   0.000   0.111   0.889 
  0.000   0.889   0.000   0.111 
  0.889   0.111   0.000   0.000 
  0.111   0.444   0.000   0.444 

MOTIF V_CREB_01 CREB
BL   MOTIF V_CREB_01 width=8 seqs=29
letter-probability matrix: alength= 4 w= 8 nsites= 29 E= 0
  0.000   0.000   0.000   1.000 
  0.000   0.000   0.966   0.034 
  1.000   0.000   0.000   0.000 
  0.000   1.000   0.000   0.000 
  0.000   0.034   0.966   0.000 
  0.000   0.034   0.034   0.931 
  0.414   0.552   0.034   0.000 
  0.586   0.034   0.138   0.241 

MOTIF V_CREBP1_01 ATF-2
BL   MOTIF V_CREBP1_01 width=8 seqs=47
letter-probability matrix: alength= 4 w= 8 nsites= 47 E= 0
  0.000   0.000   0.000   1.000 
  0.000   0.000   0.170   0.830 
  1.000   0.000   0.000   0.000 
  0.000   1.000   0.000   0.000 
  0.085   0.000   0.915   0.000 
  0.000   0.000   0.000   1.000 
  0.830   0.149   0.000   0.021 
  0.957   0.043   0.000   0.000 

MOTIF V_CREBP1CJUN_01 ATF2:c-Jun
BL   MOTIF V_CREBP1CJUN_01 width=8 seqs=43
letter-probability matrix: alength= 4 w= 8 nsites= 43 E= 0
  0.000   0.023   0.000   0.977 
  0.047   0.000   0.953   0.000 
  1.000   0.000   0.000   0.000 
  0.000   1.000   0.000   0.000 
  0.047   0.023   0.930   0.000 
  0.000   0.000   0.000   1.000 
  0.000   0.465   0.070   0.465 
  0.930   0.023   0.000   0.047 

MOTIF V_SOX5_01 SOX5
BL   MOTIF V_SOX5_01 width=10 seqs=23
letter-probability matrix: alength= 4 w= 10 nsites= 23 E= 0
  0.182   0.273   0.136   0.409 
  0.318   0.182   0.136   0.364 
  0.913   0.000   0.043   0.043 
  0.957   0.000   0.043   0.000 
  0.000   0.957   0.000   0.043 
  1.000   0.000   0.000   0.000 
  0.957   0.043   0.000   0.000 
  0.000   0.000   0.000   1.000 
  0.435   0.130   0.261   0.174 
  0.217   0.304   0.261   0.217 

MOTIF V_E4BP4_01 E4BP4
BL   MOTIF V_E4BP4_01 width=12 seqs=23
letter-probability matrix: alength= 4 w= 12 nsites= 23 E= 0
  0.261   0.391   0.130   0.217 
  0.391   0.130   0.478   0.000 
  0.043   0.000   0.000   0.957 
  0.000   0.000   0.087   0.913 
  1.000   0.000   0.000   0.000 
  0.000   0.348   0.000   0.652 
  0.043   0.000   0.957   0.000 
  0.000   0.000   0.000   1.000 
  1.000   0.000   0.000   0.000 
  1.000   0.000   0.000   0.000 
  0.000   0.478   0.174   0.348 
  0.304   0.174   0.348   0.174 

MOTIF V_E2F_02 E2F
BL   MOTIF V_E2F_02 width=8 seqs=12
letter-probability matrix: alength= 4 w= 8 nsites= 12 E= 0
  0.000   0.000   0.000   1.000 
  0.000   0.000   0.000   1.000 
  0.000   0.000   0.000   1.000 
  0.000   0.500   0.500   0.000 
  0.000   0.167   0.833   0.000 
  0.000   1.000   0.000   0.000 
  0.000   0.000   1.000   0.000 
  0.000   0.917   0.083   0.000 

MOTIF V_NFKAPPAB50_01 NF-kappaB (p50)
BL   MOTIF V_NFKAPPAB50_01 width=10 seqs=18
letter-probability matrix: alength= 4 w= 10 nsites= 18 E= 0
  0.000   0.000   1.000   0.000 
  0.000   0.000   1.000   0.000 
  0.000   0.000   1.000   0.000 
  0.111   0.000   0.889   0.000 
  0.889   0.056   0.000   0.056 
  0.000   0.000   0.167   0.833 
  0.000   0.389   0.056   0.556 
  0.000   0.889   0.000   0.111 
  0.000   1.000   0.000   0.000 
  0.000   0.944   0.056   0.000 

MOTIF V_NFKAPPAB65_01 NF-kappaB (p65)
BL   MOTIF V_NFKAPPAB65_01 width=10 seqs=18
letter-probability matrix: alength= 4 w= 10 nsites= 18 E= 0
  0.000   0.222   0.556   0.222 
  0.000   0.000   1.000   0.000 
  0.000   0.000   1.000   0.000 
  0.611   0.000   0.389   0.000 
  0.556   0.167   0.167   0.111 
  0.111   0.000   0.000   0.889 
  0.000   0.000   0.000   1.000 
  0.000   0.167   0.000   0.833 
  0.000   1.000   0.000   0.000 
  0.000   1.000   0.000   0.000 

MOTIF V_CREL_01 c-Rel
BL   MOTIF V_CREL_01 width=10 seqs=17
letter-probability matrix: alength= 4 w= 10 nsites= 17 E= 0
  0.000   0.294   0.471   0.235 
  0.000   0.000   0.941   0.059 
  0.059   0.000   0.882   0.059 
  0.294   0.059   0.529   0.118 
  0.353   0.294   0.176   0.176 
  0.294   0.059   0.059   0.588 
  0.059   0.000   0.000   0.941 
  0.118   0.000   0.000   0.882 
  0.000   0.882   0.000   0.118 
  0.059   0.941   0.000   0.000 

MOTIF V_NFKAPPAB_01 NF-kappaB
BL   MOTIF V_NFKAPPAB_01 width=10 seqs=40
letter-probability matrix: alength= 4 w= 10 nsites= 40 E= 0
  0.000   0.000   1.000   0.000 
  0.000   0.000   1.000   0.000 
  0.025   0.000   0.975   0.000 
  0.675   0.000   0.325   0.000 
  0.525   0.325   0.025   0.125 
  0.200   0.025   0.075   0.700 
  0.025   0.050   0.050   0.875 
  0.050   0.450   0.000   0.500 
  0.075   0.900   0.000   0.025 
  0.000   0.950   0.000   0.050 

MOTIF V_NMYC_01 N-Myc
BL   MOTIF V_NMYC_01 width=12 seqs=40
letter-probability matrix: alength= 4 w= 12 nsites= 40 E= 0
  0.175   0.275   0.150   0.400 
  0.250   0.375   0.150   0.225 
  0.225   0.500   0.150   0.125 
  0.000   0.975   0.025   0.000 
  0.800   0.000   0.100   0.100 
  0.000   0.975   0.000   0.025 
  0.050   0.000   0.950   0.000 
  0.000   0.075   0.000   0.925 
  0.000   0.000   1.000   0.000 
  0.150   0.275   0.200   0.375 
  0.275   0.400   0.125   0.200 
  0.275   0.275   0.275   0.175 

MOTIF V_MYOGNF1_01 myogenin / NF-1
BL   MOTIF V_MYOGNF1_01 width=29 seqs=8
letter-probability matrix: alength= 4 w= 29 nsites= 8 E= 0
  0.125   0.625   0.000   0.250 
  0.625   0.000   0.375   0.000 
  0.000   0.500   0.375   0.125 
  0.125   0.750   0.000   0.125 
  0.125   0.125   0.125   0.625 
  0.000   0.250   0.625   0.125 
  0.000   0.125   0.000   0.875 
  0.000   0.250   0.250   0.500 
  0.000   0.375   0.250   0.375 
  0.375   0.125   0.125   0.375 
  0.375   0.125   0.250   0.250 
  0.250   0.000   0.125   0.625 
  0.000   0.250   0.000   0.750 
  0.000   0.000   0.125   0.875 
  0.000   0.000   0.875   0.125 
  0.000   0.000   1.000   0.000 
  0.143   0.714   0.000   0.143 
  0.625   0.000   0.250   0.125 
  0.125   0.625   0.125   0.125 
  0.000   0.250   0.500   0.250 
  0.000   0.375   0.500   0.125 
  0.375   0.125   0.125   0.375 
  0.000   0.125   0.875   0.000 
  0.000   0.875   0.000   0.125 
  0.125   0.875   0.000   0.000 
  0.750   0.000   0.125   0.125 
  0.500   0.000   0.375   0.125 
  0.125   0.500   0.125   0.250 
  0.375   0.250   0.000   0.375 

MOTIF V_HEN1_02 HEN1
BL   MOTIF V_HEN1_02 width=22 seqs=100
letter-probability matrix: alength= 4 w= 22 nsites= 100 E= 0
  0.330   0.160   0.270   0.240 
  0.293   0.121   0.313   0.273 
  0.190   0.070   0.520   0.220 
  0.051   0.000   0.788   0.162 
  0.050   0.020   0.910   0.020 
  0.210   0.290   0.300   0.200 
  0.248   0.713   0.040   0.000 
  0.050   0.140   0.640   0.170 
  0.000   1.000   0.000   0.000 
  1.000   0.000   0.000   0.000 
  0.030   0.051   0.919   0.000 
  0.020   0.871   0.089   0.020 
  0.000   0.000   0.000   1.000 
  0.000   0.000   1.000   0.000 
  0.070   0.670   0.120   0.140 
  0.050   0.030   0.670   0.250 
  0.110   0.300   0.230   0.360 
  0.051   0.808   0.051   0.091 
  0.160   0.680   0.050   0.110 
  0.131   0.576   0.091   0.202 
  0.222   0.414   0.101   0.263 
  0.270   0.160   0.240   0.330 

MOTIF V_YY1_01 YY1
BL   MOTIF V_YY1_01 width=17 seqs=18
letter-probability matrix: alength= 4 w= 17 nsites= 18 E= 0
  0.167   0.222   0.333   0.278 
  0.389   0.278   0.278   0.056 
  0.333   0.167   0.167   0.333 
  0.167   0.389   0.278   0.167 
  0.333   0.111   0.222   0.333 
  0.056   0.722   0.056   0.167 
  0.000   1.000   0.000   0.000 
  0.944   0.056   0.000   0.000 
  0.000   0.000   0.111   0.889 
  0.278   0.167   0.167   0.389 
  0.056   0.111   0.111   0.722 
  0.333   0.111   0.056   0.500 
  0.167   0.222   0.278   0.333 
  0.222   0.222   0.333   0.222 
  0.333   0.222   0.333   0.111 
  0.500   0.111   0.111   0.278 
  0.167   0.333   0.278   0.222 

MOTIF V_IRF1_01 IRF-1
BL   MOTIF V_IRF1_01 width=13 seqs=21
letter-probability matrix: alength= 4 w= 13 nsites= 21 E= 0
  0.000   0.381   0.571   0.048 
  1.000   0.000   0.000   0.000 
  1.000   0.000   0.000   0.000 
  0.952   0.000   0.000   0.048 
  1.000   0.000   0.000   0.000 
  0.056   0.222   0.667   0.056 
  0.000   0.476   0.000   0.524 
  0.050   0.000   0.950   0.000 
  1.000   0.000   0.000   0.000 
  0.952   0.048   0.000   0.000 
  1.000   0.000   0.000   0.000 
  0.048   0.667   0.286   0.000 
  0.048   0.619   0.048   0.286 

MOTIF V_IRF2_01 IRF-2
BL   MOTIF V_IRF2_01 width=13 seqs=15
letter-probability matrix: alength= 4 w= 13 nsites= 15 E= 0
  0.000   0.067   0.933   0.000 
  1.000   0.000   0.000   0.000 
  0.933   0.000   0.000   0.067 
  1.000   0.000   0.000   0.000 
  1.000   0.000   0.000   0.000 
  0.000   0.077   0.923   0.000 
  0.000   0.467   0.000   0.533 
  0.000   0.000   1.000   0.000 
  1.000   0.000   0.000   0.000 
  1.000   0.000   0.000   0.000 
  1.000   0.000   0.000   0.000 
  0.000   0.533   0.467   0.000 
  0.000   0.533   0.133   0.333 

MOTIF V_TAL1BETAE47_01 Tal-1beta:E47
BL   MOTIF V_TAL1BETAE47_01 width=16 seqs=100
letter-probability matrix: alength= 4 w= 16 nsites= 100 E= 0
  0.230   0.350   0.280   0.140 
  0.150   0.300   0.230   0.320 
  0.140   0.230   0.440   0.190 
  0.660   0.090   0.140   0.110 
  0.610   0.300   0.030   0.060 
  0.000   1.000   0.000   0.000 
  1.000   0.000   0.000   0.000 
  0.000   0.000   1.000   0.000 
  0.860   0.010   0.100   0.030 
  0.000   0.000   0.000   1.000 
  0.000   0.000   1.000   0.000 
  0.010   0.030   0.610   0.350 
  0.030   0.170   0.010   0.790 
  0.200   0.430   0.170   0.200 
  0.270   0.230   0.310   0.190 
  0.230   0.260   0.320   0.190 

MOTIF V_TAL1ALPHAE47_01 Tal-1alpha:E47
BL   MOTIF V_TAL1ALPHAE47_01 width=16 seqs=100
letter-probability matrix: alength= 4 w= 16 nsites= 100 E= 0
  0.180   0.100   0.350   0.370 
  0.140   0.400   0.170   0.290 
  0.120   0.260   0.410   0.210 
  0.590   0.080   0.270   0.060 
  0.650   0.260   0.090   0.000 
  0.000   1.000   0.000   0.000 
  1.000   0.000   0.000   0.000 
  0.000   0.000   0.960   0.040 
  0.860   0.060   0.080   0.000 
  0.000   0.000   0.000   1.000 
  0.000   0.000   1.000   0.000 
  0.010   0.030   0.560   0.400 
  0.000   0.170   0.040   0.790 
  0.190   0.340   0.350   0.120 
  0.340   0.240   0.190   0.230 
  0.170   0.390   0.300   0.140 

MOTIF V_HEN1_01 HEN1
BL   MOTIF V_HEN1_01 width=22 seqs=100
letter-probability matrix: alength= 4 w= 22 nsites= 100 E= 0
  0.307   0.208   0.178   0.307 
  0.178   0.178   0.208   0.436 
  0.220   0.170   0.440   0.170 
  0.070   0.000   0.840   0.090 
  0.070   0.000   0.820   0.110 
  0.180   0.200   0.350   0.270 
  0.212   0.788   0.000   0.000 
  0.110   0.290   0.330   0.270 
  0.000   1.000   0.000   0.000 
  1.000   0.000   0.000   0.000 
  0.020   0.079   0.822   0.079 
  0.130   0.750   0.120   0.000 
  0.000   0.000   0.000   1.000 
  0.000   0.000   1.000   0.000 
  0.120   0.580   0.170   0.130 
  0.000   0.020   0.710   0.270 
  0.210   0.290   0.250   0.250 
  0.020   0.770   0.040   0.170 
  0.119   0.703   0.040   0.139 
  0.190   0.580   0.080   0.150 
  0.150   0.300   0.200   0.350 
  0.200   0.300   0.230   0.270 

MOTIF V_YY1_02 YY1
BL   MOTIF V_YY1_02 width=20 seqs=11
letter-probability matrix: alength= 4 w= 20 nsites= 11 E= 0
  0.182   0.364   0.182   0.273 
  0.182   0.455   0.182   0.182 
  0.182   0.182   0.364   0.273 
  0.091   0.636   0.273   0.000 
  0.091   0.182   0.545   0.182 
  0.182   0.000   0.818   0.000 
  0.000   1.000   0.000   0.000 
  0.000   1.000   0.000   0.000 
  1.000   0.000   0.000   0.000 
  0.000   0.000   0.000   1.000 
  0.000   0.727   0.182   0.091 
  0.091   0.091   0.091   0.727 
  0.182   0.000   0.182   0.636 
  0.000   0.273   0.636   0.091 
  0.182   0.182   0.364   0.273 
  0.182   0.545   0.091   0.182 
  0.091   0.091   0.091   0.727 
  0.091   0.364   0.455   0.091 
  0.182   0.364   0.273   0.182 
  0.364   0.000   0.182   0.455 

MOTIF V_TAL1BETAITF2_01 Tal-1beta:ITF-2
BL   MOTIF V_TAL1BETAITF2_01 width=16 seqs=100
letter-probability matrix: alength= 4 w= 16 nsites= 100 E= 0
  0.100   0.320   0.430   0.150 
  0.120   0.280   0.350   0.250 
  0.190   0.230   0.370   0.210 
  0.740   0.000   0.140   0.120 
  0.720   0.210   0.050   0.020 
  0.000   1.000   0.000   0.000 
  1.000   0.000   0.000   0.000 
  0.000   0.000   0.980   0.020 
  0.950   0.020   0.030   0.000 
  0.000   0.000   0.000   1.000 
  0.000   0.000   1.000   0.000 
  0.000   0.030   0.630   0.340 
  0.000   0.300   0.000   0.700 
  0.170   0.390   0.200   0.240 
  0.250   0.210   0.140   0.400 
  0.160   0.350   0.260   0.230 

MOTIF V_E47_02 E47
BL   MOTIF V_E47_02 width=16 seqs=100
letter-probability matrix: alength= 4 w= 16 nsites= 100 E= 0
  0.414   0.242   0.172   0.172 
  0.310   0.240   0.140   0.310 
  0.170   0.170   0.300   0.360 
  0.500   0.260   0.070   0.170 
  0.500   0.140   0.330   0.030 
  0.000   1.000   0.000   0.000 
  1.000   0.000   0.000   0.000 
  0.000   0.050   0.920   0.030 
  0.000   0.160   0.840   0.000 
  0.000   0.000   0.000   1.000 
  0.000   0.000   1.000   0.000 
  0.000   0.240   0.130   0.630 
  0.200   0.030   0.080   0.690 
  0.340   0.460   0.110   0.090 
  0.340   0.270   0.240   0.150 
  0.250   0.370   0.220   0.160 

MOTIF V_CP2_01 CP2
BL   MOTIF V_CP2_01 width=11 seqs=6
letter-probability matrix: alength= 4 w= 11 nsites= 6 E= 0
  0.000   0.167   0.833   0.000 
  0.000   0.833   0.167   0.000 
  0.333   0.333   0.000   0.333 
  0.333   0.667   0.000   0.000 
  0.333   0.000   0.333   0.333 
  0.833   0.167   0.000   0.000 
  0.333   0.500   0.167   0.000 
  0.000   1.000   0.000   0.000 
  0.333   0.667   0.000   0.000 
  1.000   0.000   0.000   0.000 
  0.000   0.000   1.000   0.000 

MOTIF V_DELTAEF1_01 deltaEF1
BL   MOTIF V_DELTAEF1_01 width=11 seqs=98
letter-probability matrix: alength= 4 w= 11 nsites= 98 E= 0
  0.320   0.220   0.140   0.320 
  0.200   0.390   0.070   0.340 
  0.150   0.240   0.150   0.460 
  0.000   0.830   0.030   0.140 
  0.970   0.000   0.000   0.030 
  0.000   1.000   0.000   0.000 
  0.000   0.970   0.030   0.000 
  0.000   0.000   0.000   1.000 
  0.240   0.050   0.390   0.320 
  0.540   0.120   0.220   0.120 
  0.398   0.204   0.276   0.122 

MOTIF V_CETS1P54_02 c-Ets-1(p54)
BL   MOTIF V_CETS1P54_02 width=13 seqs=35
letter-probability matrix: alength= 4 w= 13 nsites= 35 E= 0
  0.273   0.333   0.273   0.121 
  0.257   0.314   0.171   0.257 
  0.528   0.111   0.111   0.250 
  0.263   0.526   0.158   0.053 
  0.342   0.474   0.053   0.132 
  0.000   0.000   1.000   0.000 
  0.000   0.000   1.000   0.000 
  1.000   0.000   0.000   0.000 
  0.575   0.000   0.000   0.425 
  0.385   0.128   0.385   0.103 
  0.256   0.205   0.026   0.513 
  0.250   0.139   0.194   0.417 
  0.314   0.257   0.200   0.229 

MOTIF V_GATA1_01 GATA-1
BL   MOTIF V_GATA1_01 width=10 seqs=52
letter-probability matrix: alength= 4 w= 10 nsites= 52 E= 0
  0.094   0.415   0.377   0.113 
  0.208   0.321   0.377   0.094 
  0.208   0.283   0.189   0.321 
  0.000   0.000   1.000   0.000 
  0.943   0.019   0.000   0.038 
  0.019   0.019   0.019   0.943 
  0.340   0.113   0.340   0.208 
  0.113   0.264   0.453   0.170 
  0.115   0.269   0.346   0.269 
  0.135   0.212   0.365   0.288 

MOTIF V_GATA2_01 GATA-2
BL   MOTIF V_GATA2_01 width=10 seqs=53
letter-probability matrix: alength= 4 w= 10 nsites= 53 E= 0
  0.113   0.302   0.340   0.245 
  0.283   0.340   0.340   0.038 
  0.245   0.226   0.340   0.189 
  0.000   0.075   0.925   0.000 
  0.981   0.000   0.000   0.019 
  0.000   0.019   0.000   0.981 
  0.509   0.113   0.264   0.113 
  0.132   0.245   0.434   0.189 
  0.094   0.377   0.283   0.245 
  0.132   0.245   0.358   0.264 

MOTIF V_GATA3_01 GATA-3
BL   MOTIF V_GATA3_01 width=9 seqs=63
letter-probability matrix: alength= 4 w= 9 nsites= 63 E= 0
  0.254   0.222   0.381   0.143 
  0.413   0.206   0.143   0.238 
  0.000   0.000   1.000   0.000 
  0.984   0.000   0.000   0.016 
  0.016   0.000   0.048   0.937 
  0.556   0.032   0.159   0.254 
  0.270   0.079   0.524   0.127 
  0.159   0.175   0.413   0.254 
  0.238   0.111   0.540   0.111 

MOTIF V_EVI1_01 Evi-1
BL   MOTIF V_EVI1_01 width=16 seqs=13
letter-probability matrix: alength= 4 w= 16 nsites= 13 E= 0
  0.538   0.000   0.077   0.385 
  0.000   0.000   1.000   0.000 
  1.000   0.000   0.000   0.000 
  0.000   0.385   0.077   0.538 
  0.923   0.000   0.000   0.077 
  1.000   0.000   0.000   0.000 
  0.000   0.000   1.000   0.000 
  1.000   0.000   0.000   0.000 
  0.000   0.231   0.000   0.769 
  0.846   0.000   0.000   0.154 
  1.000   0.000   0.000   0.000 
  0.000   0.000   1.000   0.000 
  1.000   0.000   0.000   0.000 
  0.000   0.077   0.077   0.846 
  0.846   0.077   0.000   0.077 
  0.846   0.077   0.000   0.077 

MOTIF V_EVI1_02 Evi-1
BL   MOTIF V_EVI1_02 width=11 seqs=14
letter-probability matrix: alength= 4 w= 11 nsites= 14 E= 0
  0.571   0.071   0.143   0.214 
  0.000   0.000   0.929   0.071 
  1.000   0.000   0.000   0.000 
  0.000   0.500   0.000   0.500 
  1.000   0.000   0.000   0.000 
  1.000   0.000   0.000   0.000 
  0.000   0.000   1.000   0.000 
  1.000   0.000   0.000   0.000 
  0.000   0.214   0.000   0.786 
  0.929   0.071   0.000   0.000 
  0.786   0.000   0.214   0.000 

MOTIF V_EVI1_03 Evi-1
BL   MOTIF V_EVI1_03 width=11 seqs=27
letter-probability matrix: alength= 4 w= 11 nsites= 27 E= 0
  0.852   0.000   0.000   0.148 
  0.000   0.000   1.000   0.000 
  1.000   0.000   0.000   0.000 
  0.000   0.074   0.000   0.926 
  0.963   0.000   0.000   0.037 
  1.000   0.000   0.000   0.000 
  0.000   0.000   1.000   0.000 
  1.000   0.000   0.000   0.000 
  0.000   0.000   0.000   1.000 
  0.963   0.000   0.000   0.037 
  0.704   0.037   0.148   0.111 

MOTIF V_EVI1_04 Evi-1
BL   MOTIF V_EVI1_04 width=15 seqs=8
letter-probability matrix: alength= 4 w= 15 nsites= 8 E= 0
  0.375   0.000   0.375   0.250 
  0.250   0.000   0.750   0.000 
  0.750   0.125   0.000   0.125 
  0.125   0.125   0.000   0.750 
  0.875   0.000   0.000   0.125 
  0.375   0.000   0.250   0.375 
  0.250   0.000   0.750   0.000 
  0.750   0.000   0.000   0.250 
  0.250   0.250   0.000   0.500 
  0.625   0.000   0.000   0.375 
  0.625   0.000   0.250   0.125 
  0.250   0.000   0.750   0.000 
  0.750   0.000   0.000   0.250 
  0.250   0.000   0.000   0.750 
  0.750   0.125   0.000   0.125 

MOTIF V_EVI1_05 Evi-1
BL   MOTIF V_EVI1_05 width=11 seqs=18
letter-probability matrix: alength= 4 w= 11 nsites= 18 E= 0
  0.737   0.000   0.053   0.211 
  0.053   0.000   0.947   0.000 
  0.947   0.053   0.000   0.000 
  0.000   0.211   0.000   0.789 
  0.947   0.000   0.000   0.053 
  0.789   0.000   0.053   0.158 
  0.053   0.000   0.947   0.000 
  0.947   0.000   0.000   0.053 
  0.053   0.000   0.000   0.947 
  0.947   0.000   0.000   0.053 
  0.389   0.056   0.333   0.222 

MOTIF V_MZF1_01 MZF-1
BL   MOTIF V_MZF1_01 width=8 seqs=20
letter-probability matrix: alength= 4 w= 8 nsites= 20 E= 0
  0.400   0.150   0.300   0.150 
  0.200   0.100   0.550   0.150 
  0.150   0.150   0.250   0.450 
  0.000   0.000   1.000   0.000 
  0.050   0.000   0.900   0.050 
  0.000   0.000   0.950   0.050 
  0.000   0.000   1.000   0.000 
  0.900   0.050   0.050   0.000 

MOTIF V_MZF1_02 MZF-1
BL   MOTIF V_MZF1_02 width=13 seqs=16
letter-probability matrix: alength= 4 w= 13 nsites= 16 E= 0
  0.125   0.062   0.438   0.375 
  0.188   0.125   0.438   0.250 
  0.250   0.062   0.500   0.188 
  0.125   0.250   0.250   0.375 
  0.000   0.000   0.625   0.375 
  0.812   0.000   0.188   0.000 
  0.062   0.000   0.750   0.188 
  0.000   0.000   0.938   0.062 
  0.062   0.062   0.875   0.000 
  0.062   0.000   0.812   0.125 
  0.188   0.250   0.438   0.125 
  0.688   0.000   0.125   0.188 
  0.625   0.188   0.125   0.062 

MOTIF V_ZID_01 ZID
BL   MOTIF V_ZID_01 width=13 seqs=35
letter-probability matrix: alength= 4 w= 13 nsites= 35 E= 0
  0.086   0.343   0.257   0.314 
  0.057   0.143   0.800   0.000 
  0.029   0.000   0.886   0.086 
  0.000   1.000   0.000   0.000 
  0.029   0.000   0.000   0.971 
  0.000   1.000   0.000   0.000 
  0.086   0.429   0.029   0.457 
  0.914   0.029   0.029   0.029 
  0.000   0.086   0.229   0.686 
  0.029   0.657   0.200   0.114 
  0.657   0.000   0.200   0.143 
  0.000   0.429   0.000   0.571 
  0.114   0.743   0.057   0.086 

MOTIF V_IK1_01 Ik-1
BL   MOTIF V_IK1_01 width=13 seqs=24
letter-probability matrix: alength= 4 w= 13 nsites= 24 E= 0
  0.292   0.208   0.292   0.208 
  0.250   0.375   0.000   0.375 
  0.125   0.125   0.292   0.458 
  0.083   0.250   0.042   0.625 
  0.083   0.000   0.917   0.000 
  0.000   0.000   1.000   0.000 
  0.000   0.000   1.000   0.000 
  1.000   0.000   0.000   0.000 
  0.917   0.000   0.000   0.083 
  0.125   0.167   0.083   0.625 
  0.458   0.083   0.333   0.125 
  0.125   0.542   0.083   0.250 
  0.125   0.583   0.125   0.167 

MOTIF V_IK2_01 Ik-2
BL   MOTIF V_IK2_01 width=12 seqs=36
letter-probability matrix: alength= 4 w= 12 nsites= 36 E= 0
  0.250   0.278   0.333   0.139 
  0.306   0.139   0.194   0.361 
  0.139   0.194   0.194   0.472 
  0.167   0.278   0.000   0.556 
  0.167   0.000   0.833   0.000 
  0.000   0.000   1.000   0.000 
  0.000   0.000   1.000   0.000 
  1.000   0.000   0.000   0.000 
  0.500   0.139   0.028   0.333 
  0.278   0.194   0.167   0.361 
  0.333   0.222   0.250   0.194 
  0.250   0.500   0.139   0.111 

MOTIF V_IK3_01 Ik-3
BL   MOTIF V_IK3_01 width=13 seqs=25
letter-probability matrix: alength= 4 w= 13 nsites= 25 E= 0
  0.120   0.000   0.280   0.600 
  0.320   0.320   0.200   0.160 
  0.000   0.520   0.120   0.360 
  0.240   0.200   0.000   0.560 
  0.200   0.000   0.800   0.000 
  0.000   0.000   1.000   0.000 
  0.000   0.000   1.000   0.000 
  1.000   0.000   0.000   0.000 
  1.000   0.000   0.000   0.000 
  0.000   0.280   0.000   0.720 
  0.640   0.000   0.200   0.160 
  0.040   0.720   0.000   0.240 
  0.040   0.680   0.000   0.280 

MOTIF V_CDP_01 CDP
BL   MOTIF V_CDP_01 width=12 seqs=18
letter-probability matrix: alength= 4 w= 12 nsites= 18 E= 0
  0.056   0.889   0.000   0.056 
  0.000   0.944   0.000   0.056 
  0.944   0.000   0.000   0.056 
  0.944   0.056   0.000   0.000 
  0.000   0.000   0.000   1.000 
  1.000   0.000   0.000   0.000 
  0.944   0.000   0.000   0.056 
  0.000   0.167   0.000   0.833 
  0.000   0.778   0.111   0.111 
  0.278   0.000   0.722   0.000 
  0.778   0.000   0.056   0.167 
  0.111   0.056   0.056   0.778 

MOTIF V_PBX1_01 Pbx-1
BL   MOTIF V_PBX1_01 width=9 seqs=16
letter-probability matrix: alength= 4 w= 9 nsites= 16 E= 0
  0.750   0.062   0.000   0.188 
  0.188   0.250   0.062   0.500 
  0.062   0.562   0.125   0.250 
  0.812   0.062   0.000   0.125 
  0.875   0.000   0.000   0.125 
  0.125   0.000   0.000   0.875 
  0.250   0.625   0.000   0.125 
  0.875   0.000   0.062   0.062 
  0.625   0.000   0.000   0.375 

MOTIF V_PAX6_01 Pax-6
BL   MOTIF V_PAX6_01 width=21 seqs=28
letter-probability matrix: alength= 4 w= 21 nsites= 28 E= 0
  0.395   0.184   0.158   0.263 
  0.488   0.209   0.070   0.233 
  0.213   0.191   0.213   0.383 
  0.170   0.298   0.191   0.340 
  0.064   0.043   0.085   0.809 
  0.043   0.000   0.021   0.936 
  0.064   0.617   0.021   0.298 
  0.851   0.106   0.021   0.021 
  0.064   0.830   0.000   0.106 
  0.021   0.000   0.936   0.043 
  0.022   0.783   0.152   0.043 
  0.489   0.043   0.021   0.447 
  0.021   0.085   0.000   0.894 
  0.045   0.295   0.591   0.068 
  0.851   0.021   0.128   0.000 
  0.298   0.234   0.319   0.149 
  0.043   0.087   0.065   0.804 
  0.022   0.000   0.435   0.543 
  0.302   0.395   0.209   0.093 
  0.438   0.250   0.125   0.188 
  0.143   0.429   0.107   0.321 

MOTIF V_PAX2_01 Pax-2
BL   MOTIF V_PAX2_01 width=19 seqs=10
letter-probability matrix: alength= 4 w= 19 nsites= 10 E= 0
  0.259   0.370   0.148   0.222 
  0.161   0.323   0.226   0.290 
  0.219   0.250   0.062   0.469 
  0.250   0.312   0.188   0.250 
  0.250   0.031   0.594   0.125 
  0.156   0.062   0.000   0.781 
  0.031   0.625   0.094   0.250 
  0.656   0.094   0.094   0.156 
  0.188   0.406   0.094   0.312 
  0.094   0.094   0.625   0.188 
  0.100   0.433   0.233   0.233 
  0.467   0.033   0.367   0.133 
  0.133   0.167   0.100   0.600 
  0.138   0.103   0.483   0.276 
  0.621   0.172   0.069   0.138 
  0.120   0.320   0.200   0.360 
  0.053   0.263   0.368   0.316 
  0.231   0.231   0.385   0.154 
  0.300   0.300   0.200   0.200 

MOTIF V_CDP_02 CDP
BL   MOTIF V_CDP_02 width=15 seqs=100
letter-probability matrix: alength= 4 w= 15 nsites= 100 E= 0
  0.330   0.080   0.170   0.420 
  0.460   0.110   0.100   0.330 
  0.190   0.080   0.290   0.440 
  1.000   0.000   0.000   0.000 
  0.000   0.000   0.000   1.000 
  0.040   0.770   0.000   0.190 
  0.000   0.000   1.000   0.000 
  1.000   0.000   0.000   0.000 
  0.000   0.000   0.000   1.000 
  0.150   0.250   0.020   0.580 
  0.900   0.020   0.060   0.020 
  0.192   0.091   0.253   0.465 
  0.180   0.320   0.020   0.480 
  0.310   0.080   0.210   0.400 
  0.290   0.150   0.100   0.460 

MOTIF V_CDPCR1_01 CDP CR1
BL   MOTIF V_CDPCR1_01 width=10 seqs=23
letter-probability matrix: alength= 4 w= 10 nsites= 23 E= 0
  0.281   0.219   0.250   0.250 
  0.969   0.031   0.000   0.000 
  0.062   0.094   0.031   0.812 
  0.000   0.688   0.094   0.219 
  0.125   0.031   0.812   0.031 
  0.938   0.031   0.000   0.031 
  0.000   0.031   0.031   0.938 
  0.065   0.581   0.161   0.194 
  0.033   0.167   0.733   0.067 
  0.087   0.478   0.348   0.087 

MOTIF V_CDPCR3_01 CDP CR3
BL   MOTIF V_CDPCR3_01 width=15 seqs=24
letter-probability matrix: alength= 4 w= 15 nsites= 24 E= 0
  0.043   0.913   0.043   0.000 
  0.870   0.087   0.043   0.000 
  0.043   0.870   0.087   0.000 
  0.250   0.583   0.167   0.000 
  0.500   0.083   0.375   0.042 
  0.875   0.000   0.125   0.000 
  0.042   0.125   0.125   0.708 
  0.708   0.083   0.167   0.042 
  0.208   0.292   0.167   0.333 
  0.250   0.167   0.458   0.125 
  0.000   0.042   0.000   0.958 
  1.000   0.000   0.000   0.000 
  0.000   0.000   0.000   1.000 
  0.000   0.333   0.375   0.292 
  0.000   0.000   1.000   0.000 

MOTIF V_CDPCR3HD_01 CDP CR3+HD
BL   MOTIF V_CDPCR3HD_01 width=10 seqs=30
letter-probability matrix: alength= 4 w= 10 nsites= 30 E= 0
  0.242   0.333   0.364   0.061 
  0.848   0.000   0.121   0.030 
  0.091   0.000   0.000   0.909 
  0.091   0.455   0.091   0.364 
  0.000   0.091   0.909   0.000 
  1.000   0.000   0.000   0.000 
  0.000   0.000   0.000   1.000 
  0.000   0.545   0.303   0.152 
  0.031   0.406   0.375   0.188 
  0.033   0.467   0.433   0.067 

MOTIF V_CEBPB_01 C/EBPbeta
BL   MOTIF V_CEBPB_01 width=14 seqs=21
letter-probability matrix: alength= 4 w= 14 nsites= 21 E= 0
  0.429   0.048   0.381   0.143 
  0.238   0.143   0.333   0.286 
  0.429   0.143   0.381   0.048 
  0.048   0.000   0.000   0.952 
  0.048   0.000   0.333   0.619 
  0.333   0.000   0.381   0.286 
  0.238   0.095   0.238   0.429 
  0.000   0.000   1.000   0.000 
  0.381   0.429   0.000   0.190 
  0.952   0.048   0.000   0.000 
  1.000   0.000   0.000   0.000 
  0.143   0.048   0.286   0.524 
  0.238   0.286   0.333   0.143 
  0.143   0.143   0.286   0.429 

MOTIF V_CREB_02 CREB
BL   MOTIF V_CREB_02 width=12 seqs=16
letter-probability matrix: alength= 4 w= 12 nsites= 16 E= 0
  0.125   0.312   0.250   0.312 
  0.062   0.188   0.375   0.375 
  0.125   0.125   0.750   0.000 
  0.312   0.062   0.438   0.188 
  0.000   0.000   0.000   1.000 
  0.000   0.000   0.938   0.062 
  1.000   0.000   0.000   0.000 
  0.000   0.938   0.062   0.000 
  0.000   0.000   0.938   0.062 
  0.062   0.312   0.000   0.625 
  0.250   0.438   0.188   0.125 
  0.312   0.375   0.188   0.125 

MOTIF V_TAXCREB_01 Tax/CREB
BL   MOTIF V_TAXCREB_01 width=15 seqs=17
letter-probability matrix: alength= 4 w= 15 nsites= 17 E= 0
  0.118   0.118   0.529   0.235 
  0.118   0.118   0.588   0.176 
  0.000   0.118   0.824   0.059 
  0.000   0.118   0.882   0.000 
  0.059   0.000   0.941   0.000 
  0.059   0.118   0.235   0.588 
  0.000   0.000   0.000   1.000 
  0.000   0.000   0.824   0.176 
  1.000   0.000   0.000   0.000 
  0.000   1.000   0.000   0.000 
  0.000   0.000   1.000   0.000 
  0.059   0.412   0.118   0.412 
  0.647   0.294   0.059   0.000 
  0.235   0.176   0.294   0.294 
  0.529   0.118   0.176   0.176 

MOTIF V_TAXCREB_02 Tax/CREB
BL   MOTIF V_TAXCREB_02 width=15 seqs=5
letter-probability matrix: alength= 4 w= 15 nsites= 5 E= 0
  0.600   0.000   0.400   0.000 
  0.000   0.000   0.000   1.000 
  0.000   0.000   1.000   0.000 
  1.000   0.000   0.000   0.000 
  0.000   1.000   0.000   0.000 
  0.000   0.000   1.000   0.000 
  0.000   1.000   0.000   0.000 
  1.000   0.000   0.000   0.000 
  0.000   0.200   0.000   0.800 
  0.800   0.200   0.000   0.000 
  0.000   0.600   0.000   0.400 
  0.000   1.000   0.000   0.000 
  0.000   1.000   0.000   0.000 
  0.000   0.800   0.000   0.200 
  0.200   0.800   0.000   0.000 

MOTIF V_CEBPA_01 C/EBPalpha
BL   MOTIF V_CEBPA_01 width=14 seqs=43
letter-probability matrix: alength= 4 w= 14 nsites= 43 E= 0
  0.372   0.233   0.163   0.233 
  0.209   0.233   0.256   0.302 
  0.535   0.116   0.186   0.163 
  0.000   0.000   0.000   1.000 
  0.000   0.000   0.023   0.977 
  0.326   0.047   0.581   0.047 
  0.093   0.651   0.186   0.070 
  0.302   0.256   0.186   0.256 
  0.349   0.302   0.047   0.302 
  0.674   0.209   0.047   0.070 
  0.698   0.140   0.116   0.047 
  0.256   0.256   0.209   0.279 
  0.233   0.395   0.163   0.209 
  0.372   0.186   0.163   0.279 

MOTIF V_CEBPB_02 C/EBPbeta
BL   MOTIF V_CEBPB_02 width=14 seqs=17
